1 360
2 925
3 723
4 638
5 9
6 289
7 388
8 18
9 284
10 579
11 524
12 897
13 805
14 29
15 1007
16 992
17 468
18 75
19 509
20 812
21 717
22 404
23 392
24 936
25 640
26 929
27 415
28 737
29 593
30 98
31 758
32 513
33 772
34 546
35 1006
36 1006
37 321
38 511
39 952
40 286
41 495
42 307
43 622
44 972
45 849
46 425
47 922
48 674
49 500
50 139
51 609
52 427
53 693
54 580
55 679
56 354
57 802
58 261
59 477
60 716
61 34
62 108
63 107
64 374
65 950
66 232
67 877
68 133
69 855
70 802
71 601
72 444
73 79
74 903
75 495
76 279
77 397
78 925
79 574
80 261
81 175
82 634
83 492
84 924
85 581
86 741
87 862
88 327
89 992
90 647
91 1015
92 914
93 400
94 733
95 770
96 748
97 760
98 320
99 404
100 702
101 872
102 231
103 128
104 526
105 57
106 593
107 12
108 391
109 154
110 537
111 234
112 465
113 844
114 797
115 956
116 343
117 902
118 523
119 579
120 664
121 953
122 987
123 808
124 455
125 781
126 651
127 425
128 124
129 118
130 988
131 347
132 117
133 598
134 314
135 223
136 142
137 498
138 87
139 558
140 902
141 386
142 744
143 570
144 995
145 246
146 797
147 227
148 783
149 434
150 468
151 674
152 953
153 167
154 297
155 244
156 873
157 412
158 176
159 902
160 264
161 555
162 542
163 587
164 775
165 495
166 1001
167 304
168 453
169 484
170 188
171 816
172 584
173 827
174 637
175 197
176 291
177 877
178 566
179 921
180 798
181 364
182 38
183 724
184 283
185 808
186 854
187 376
188 499
189 753
190 107
191 837
192 549
193 744
194 371
195 537
196 770
197 372
198 447
199 724
200 604
